    2.5860    1.3073   -1.8261 
    2.1156    2.4521   -2.5876 
    1.8289    1.2500   -0.5869 
    3.9408    0.9743   -1.8324 
    1.0679    3.1030   -1.8186 
    3.0192    3.2188   -3.3241 
    0.8907    2.3600   -0.5821 
    0.9659    4.4944   -1.8170 
    0.6187    3.0382    0.6065 
    2.4574    0.8623    0.5970 
    0.6823    5.2009   -0.5790 
    1.9072    5.2931   -2.5841 
    0.5125    4.4878    0.6082 
    1.4486    6.4360   -0.5810 
    1.1018    4.9799    1.8423 
    1.2734    2.6346    1.8398 
    2.1739    1.5688    1.8350 
    1.5717    3.8345    2.6036 
    3.4102    1.6588    2.5939 
    3.8689    0.5155    0.5906 
    4.5955    0.5704   -0.5993 
    4.4575    1.0073    1.8250 
    5.9413    1.1192   -0.6047 
    4.8820    1.7721   -2.6005 
    4.4305    2.8721   -3.3308 
    6.1181    1.8622   -1.8413 
    5.1964    4.1074   -3.3330 
    2.9126    4.6683   -3.3229 
    4.2583    5.2175   -3.3282 
    2.2054    6.4932   -1.8205 
    5.7494    1.5348    1.8198 
    6.5062    1.5921    0.5802 
    6.0476    2.7350    2.5834 
    7.2724    2.8271    0.5782 
    6.8530    3.0482   -1.8430 
    6.3831    4.1935   -2.6043 
    7.4423    3.5403   -0.6090 
    6.6814    5.3935   -1.8405 
    4.5446    6.3693   -2.5946 
    3.4972    7.0208   -1.8257 
    5.7809    6.4592   -1.8358 
    4.0859    7.5125   -0.5913 
    2.0135    6.9089    0.6040 
    1.8367    6.1659    1.8405 
    3.3592    7.4576    0.5985 
    3.0728    6.2559    2.5998 
    2.7584    3.9207    3.3323 
    3.6965    2.8106    3.3274 
    3.5243    5.1560    3.3301 
    5.0422    3.3597    3.3221 
    4.0140    7.0538    1.8317 
    5.3688    6.7208    1.8254 
    4.9356    4.8092    3.3234 
    5.8392    5.5760    2.5869 
    6.9889    3.5336    1.8163 
    6.8868    4.9251    1.8179 
    7.3361    4.9898   -0.6072 
    7.0640    5.6681    0.5813 
    5.4974    7.1657   -0.5977 
    6.1259    6.7781    0.5862 